depth	min	max	median	wmean
0	-98.6	10.6	-50.5	-48.2
1	-94.4	15.8	-45.8	-43.3
2	-92.1	22.5	-40.8	-38.5
3	-90.3	34.4	-36.3	-33.6
4	-89.1	47.1	-32.4	-28.8
5	-87.7	62.7	-29.4	-24.3
6	-83.5	66.7	-24.7	-19.5
7	-80.6	69.6	-19.4	-14.7
8	-78.1	75.8	-14.6	-10
9	-76.8	83.9	-9.9	-5.2
10	-76	93.4	-6	-0.7
11	-69.7	97.3	-0.9	4
12	-65.9	100.2	4.1	8.6
13	-62.7	106.1	9.5	13.4
14	-60.9	114.8	14.3	18.1
15	-59.5	124.4	19.3	22.9
16	-56	127.3	22.7	26.3
16.4999	-55.6	130	23.8	27.5
16.5	-49.7	611.5	127.9	208.6
17	-49.5	612.1	140.7	214.3
18	-49.5	614.8	172.9	225.4
19	-49.5	618.1	210.2	236.4
20	-49.5	623	248.6	247.4
21	-14.3	627	285.5	277.3
22	3.5	632.8	322.8	307.1
23	17.6	637.8	359.8	336.7
24	32.9	643.7	398.9	366.2
25	41.4	654.7	444.1	397.1
26	172.9	660.3	479.8	447.4
27	298.3	666	516.4	497.7
28	419.4	673.8	553.6	548.9
29	526.7	687.2	588.8	600.4
30	562.4	769.7	645.7	651
31	573.3	776.4	654	659.9
32	582.7	784	663.3	668.7
33	589.8	793.1	673.3	677.6
34	595.1	806	682.9	686.5
35	599	821.1	691.3	695.2
36	611.9	828.4	699.3	704.7
37	620.2	839	707.8	714.3
38	627.7	853.5	716.6	723.9
39	632.8	872.3	725.5	733.4
40	638.8	892.7	735.2	743.1
41	671	899.7	745.6	756
42	691.8	909.6	756.8	769.2
43	702.3	929.1	769.6	782.4
44	707.4	957.6	781.5	795.2
45	710.3	992.7	792.6	808
46	720.6	1005.4	808	821.9
47	725.7	1019.4	821.8	835.8
48	729.6	1036.3	834.1	849.7
49	732.8	1058.6	845.9	863.4
50	734.8	1087	857.6	877.3
51	754.1	1104.6	875.6	895.3
52	768.6	1128.2	896.7	913.4
53	779.5	1149.6	916.6	931.6
54	788.8	1173.8	934.4	949.7
55	796	1193.9	951.3	967.3
56	969.9	1288.6	1091.8	1104.4
57	1130.3	1383.8	1228.2	1242.3
58	1257.8	1490.9	1379.2	1380.6
59	1361.8	1625.2	1521.3	1518.3
60	1455.9	1779	1656.7	1655.1
61	1580.5	1845.4	1739.8	1738.3
62	1691.7	1933.1	1822.1	1820.8
63	1787.7	2038.4	1901.5	1904.2
64	1852.5	2170.1	1983.6	1988.1
65	1907	2302.9	2066.7	2071.5
66	1939.6	2324.1	2109.7	2111.7
67	1959.1	2367.8	2150.2	2151.6
68	1972.9	2437.5	2187.7	2191.6
69	1982.9	2524.4	2222.6	2231.1
70	1988.4	2619.9	2258.2	2270.5
71	2028	2645.6	2307.4	2315.2
72	2057	2671.2	2359.1	2360.3
73	2071.2	2708.6	2405.2	2405
74	2085.8	2765.4	2447.2	2450.2
75	2101	2844.4	2487.6	2494.6
76	2196.2	2852.5	2535	2544.3
77	2281	2865.2	2585.5	2594.4
78	2350.7	2879.8	2650	2644.6
79	2396.1	2905.9	2727.5	2694.6
80	2422.6	2976.5	2778.1	2744.4
81	2468.4	3012.6	2807	2778.6
82	2499.2	3077.9	2840.3	2812.7
83	2522.4	3156	2864.8	2845.5
84	2540.1	3252	2885.7	2878.1
85	2558.2	3355.3	2903.6	2910.7
86	2655.3	3449.5	3009.1	3020.8
87	2695.6	3598.5	3125	3130
88	2713.1	3798.6	3238.2	3239.5
89	2737.7	4024.1	3356.3	3349
90	2756.4	4248.8	3460	3457.1
91	2993.8	4267.5	3589.9	3585.3
92	3208.8	4288.4	3712.3	3713.2
93	3375.9	4318.1	3836	3841.8
94	3505.7	4374.4	3977.4	3970.5
95	3597	4462.3	4113.7	4097.9
96	3845.8	4481.9	4193.5	4194.6
97	4046.5	4519.4	4288	4291.7
98	4117.7	4604.9	4395	4391.1
99	4142.8	4768.8	4486.3	4489.5
100	4165.1	4983.9	4548.7	4586.7
101	4322.3	4990.3	4632.1	4664.2
102	4478.1	5002.1	4718	4741.9
103	4612.2	5014	4808.1	4820.6
104	4709.3	5032.6	4900.6	4899.1
105	4776.2	5078.5	4978.5	4977.4
106	4830.6	5082.4	4992.6	4991.7
107	4882.4	5086.8	5007.8	5006.5
108	4931.3	5102.1	5022.1	5021.9
109	4965.7	5128.8	5035.9	5037.3
110	4974.4	5153.5	5049.3	5052.7
111	4986.2	5161.1	5062.7	5066.1
112	4994.1	5175.3	5076.5	5079.5
113	4998.8	5198.9	5087.7	5092.9
114	5002.6	5232.5	5099	5106.6
115	5006.1	5271.4	5110.2	5120.5
116	5034.8	5289.5	5138.4	5146.7
117	5049.3	5308.4	5170.9	5173
118	5060	5331	5201.4	5199.3
119	5069.6	5363.2	5227.4	5225.7
120	5075.9	5409.5	5250.6	5251.5
121	5131.1	5421.2	5300.5	5293.6
122	5157.3	5446.1	5353.5	5336.1
123	5178.3	5483.1	5403.3	5378.6
124	5195.1	5526.1	5445.7	5420.5
125	5209	5585.3	5489.8	5462.5
126	5274.8	5594.1	5508.7	5485.3
127	5336.7	5618.6	5527.1	5509
128	5387	5651.7	5544.9	5532.8
129	5427	5686.4	5564.3	5556.3
130	5448.9	5727.2	5583.9	5579.4
131	5486.7	5735	5604.6	5602.6
132	5522.7	5742.4	5623.1	5625.9
133	5556.1	5757.1	5643.6	5649.6
134	5583.6	5786.3	5667	5673
135	5598.5	5829.2	5689.6	5696.6
136	5631.4	5853.2	5732.3	5734.4
137	5649.8	5893.9	5771.3	5772.2
138	5663.9	5951.6	5809.4	5810.2
139	5673.7	6017.6	5845.4	5847.7
140	5681.3	6091.2	5879.6	5885
141	5752.1	6100.5	5906.3	5918.1
142	5801	6113.6	5935.3	5951.6
143	5823.5	6138.1	5961.9	5984.5
144	5840.9	6194.7	6001.2	6017
145	5856	6283.2	6040.7	6049.7
146	5878.3	6299.2	6062.2	6069.7
147	5892.8	6319.7	6083.5	6090.1
148	5905.9	6344	6104.4	6110.2
149	5913.1	6379.3	6121.2	6129.7
150	5921.9	6422.6	6135.9	6149
151	5941.4	6436.6	6156.1	6167.6
152	5954.9	6453	6176.6	6186.3
153	5963.7	6477.4	6196	6205
154	5971.8	6506.8	6215	6223.7
155	5976.3	6534.9	6232.2	6242.2
156	6004.9	6545.9	6251.7	6261
157	6023.5	6557.4	6271.8	6279.8
158	6036.2	6575.7	6291.8	6298.8
159	6048.6	6597.9	6312.1	6317.6
160	6056.6	6628.8	6329.9	6335.7
161	6085.2	6637.1	6351.7	6356.9
162	6108.3	6648	6374.8	6377.9
163	6123	6660	6399	6398.9
164	6139.5	6676.3	6422.3	6420.1
165	6150.8	6702.5	6444.2	6440.8
166	6182.4	6709.2	6463.7	6460.8
167	6212.6	6712.8	6483.4	6480.3
168	6232.2	6722.5	6505.4	6499.9
169	6246.2	6737.7	6528.9	6519.5
170	6258.4	6759	6549.6	6539.4
171	6295.6	6764.8	6567.3	6558.8
172	6336.1	6772.7	6585.8	6578.6
173	6362.1	6780.9	6604.3	6598.4
174	6382.4	6793	6627	6618.7
175	6401.7	6810.6	6648.8	6638.4
176	6452.3	6815.7	6662.7	6657.3
177	6498.8	6822.2	6678.1	6676.7
178	6540.2	6830.5	6696	6695.8
179	6571.2	6843.2	6714.9	6715
180	6593.5	6864.4	6734.6	6734.5
181	6602.4	6874.2	6745	6745.3
182	6613.5	6888.2	6755.5	6756.6
183	6618.2	6905.5	6764.8	6766.9
184	6622.2	6928.3	6774.2	6777.3
185	6622.8	6954.3	6784.1	6787.4
186	6637	6964.3	6794.7	6798.4
187	6645.4	6976.9	6805	6809.4
188	6652.8	6995.1	6815.5	6820.3
189	6660.5	7014.4	6826.1	6831.2
190	6665.6	7037.7	6836	6842.3
191	6679.3	7048.3	6846	6852.9
192	6688.5	7059.5	6856.9	6863.8
193	6695.9	7074	6867.8	6874.5
194	6702	7088.2	6877.4	6884.9
195	6707.2	7105.7	6887.6	6895
196	6723.5	7112.6	6899.5	6905.9
197	6734.8	7121.2	6910.8	6916.9
198	6741.8	7130.4	6922.1	6927.8
199	6751.2	7143.8	6932.8	6938.8
200	6756.9	7160.8	6943.6	6949.8
201	6768	7172.6	6953.6	6960.4
202	6779.1	7178.4	6964	6971.2
203	6786.3	7188.8	6975.7	6981.8
204	6794.3	7202.5	6987.1	6992.6
205	6799	7220.6	6997	7003.5
206	6814.7	7225.9	7007.6	7013.8
207	6830.5	7233.6	7017	7024
208	6839.5	7239.7	7027.9	7034.7
209	6849.3	7251.2	7039.5	7045.2
210	6856.6	7263.9	7050.5	7055.5
211	6866.8	7268	7059.7	7065.5
212	6876.1	7272.8	7069.9	7075.6
213	6883.9	7281.5	7079.7	7085.7
214	6894.2	7291.4	7089.7	7095.7
215	6900.4	7304.9	7099.6	7105.9
216	6917.4	7310.8	7109.5	7116.2
217	6928	7317.9	7119.8	7126.4
218	6939.3	7324.6	7130.2	7136.6
219	6950.4	7336.3	7140.1	7146.9
