TA1947A 1970  3101  2995  3725  3111  3131  4106  2720  1799  1873   927
TA1947A 1980   770   264   391   814  1397  3270  3353  3097  3108  3174
TA1947A 1990  3359  3792  4379  4503  4263  3515  2902  3416  3509  3333
TA1947A 2000  2790  3229  1797  2404  3333  3218  1877  1962  1367  1366
TA1947A 2010  2097  1755  1310   494   453   242   151 -9999
TA1947B 1971  3485  6262  5192  5596  4256  5529  2729  2310  1361
TA1947B 1980  1123   396   575  1160  1678  3383  3292  3028  3123  3569
TA1947B 1990  2888  3204  3505  3625  3230  2597  1562  2190  3076  2621
TA1947B 2000  2229  3188  1577  1987  2522  1791  1214  1996  1478  1750
TA1947B 2010  2698  2026  1988   750   560   378   187 -9999
