TB1913B 1946   776  1648  2593  2972
TB1913B 1950  2739  2201  1828  1518  1352  1540  1457  1317   754   825
TB1913B 1960   841   817   563   333   665   697   664   957   831   498
TB1913B 1970   531   571   444   507   737   817   817   682   944  1079
TB1913B 1980   877   706  1936   785  1087   952   992   722   730   610
TB1913B 1990   611   785   809   341   515   372   222   158   133   281
TB1913B 2000   337   189    39    68    70    47   141   103    48   190
TB1913B 2010    55    70   173   162    79   229   111 -9999
TB1913A 1969   777
TB1913A 1970  3310  3549  3007  1469  1953  2077  1002  1177  1262  1265
TB1913A 1980   696   432   934  1327  1145  1168   915   806   821   945
TB1913A 1990   611   511   687   733   670   654   989   958   656   623
TB1913A 2000  1379  1354  1579  1318  1079  1206  1175   943  1028  1100
TB1913A 2010   979   908   623   393   361   175   135 -9999