TB1918B 1964   667  4343    74   770   163   431
TB1918B 1970   175   439   560   871   550   116   209  1764    63  1276
TB1918B 1980   335   356   449  1702  3357   124  1884  6170 76217  1047
TB1918B 1990   582  1330  1493  1461  2095  1710  1905  2674  3358  1384
TB1918B 2000  1412   395   529   629   812   761   784   764   987   785
TB1918B 2010   860   758  1111  1170  1624   832   464 -9999
TB1918B 1934  1441  2858  3379  3350  2153  2153
TB1918B 1940  1555  1487  1688  1939  1981  1561  1497  1219  1319  2202
TB1918B 1950  2103  2585  2530  1862  1299  1145   326  1950  2404  2521
TB1918B 1960  3252  2491  2538  1639  1930  2088  1918  2514  1811  2621
TB1918B 1970  2265  1713  1727  1143  1581  1791  1446   936  1651  1897
TB1918B 1980  1936  1756  1693   906   956  1256   759   719   601  1047
TB1918B 1990   582  1330  1493  1461  2095  1710  1905  2674  3358  1384
TB1918B 2000  1412   395   529   629   812   761   784   764   987   785
TB1918B 2010   860   758  1111  1170  1624   832   464 -9999
