TB1908A 1964  2677  6296  4730  4311  3321  4488
TB1908A 1970  3278  2407  1718  2157  1606  1532  1319  1135   779   747
TB1908A 1980   685   752   307   379   585   572   677  1005   864   672
TB1908A 1990   658   600   540   680   901   640   563   584   781   808
TB1908A 2000   894   642   612   481   985   899   630   423   251   759
TB1908A 2010   228   284   249   167   125   583   270 -9999
TB1908B 1958   405  4143
TB1908B 1960  3456  2883  3311  3045  3723  4044  3024  2527  2912  3115
TB1908B 1970  2402  1724  1584  1674  1382  1184  1039   698  1244  1301
TB1908B 1980  1163  1178  1159  1152  1205   935   596   542   544   735
TB1908B 1990   531   708   771  1189   990  1227   903  1636  1706  1726
TB1908B 2000  1830  2544  1967  1714  1819  1907   652   584   375   693
TB1908B 2010  1510   778   627   150  1095   483   238 -9999
