TB1916B 1961   908  2560  1645  1175  1823  1482  3380  1963  1991
TB1916B 1970  1558   736   772  1242   932  1103   966   565   508   844
TB1916B 1980  1164   760   658   425   340   380   483   278   325   292
TB1916B 1990   341   214   477   531   580   548  1065  1103  1137  1078
TB1916B 2000  1008   912   674   746   537   671   571   270   357   461
TB1916B 2010   373   366   405   572   317   357   454 -9999
TB1916A 1963  1571  1477  1973   781  1841  1934  1379
TB1916A 1970  3305  1552  2023  2267  1705  1452   962   721   449   900
TB1916A 1980   877   601   444   567   435   506   633   316   522   238
TB1916A 1990   286   476   444   318   492   540   507   712   889  1031
TB1916A 2000   752   762   111   814   599   665   615   619   729   409
TB1916A 2010    95   378   460   413   411   656   534 -9999
