TB1944B 1963   407  1372  1147  1883  2564  2800  1610
TB1944B 1970   831   356   383   276   204   297   217  1363  1469  1082
TB1944B 1980   864  1028  1356  1313   996  1145  1037   709   571   848
TB1944B 1990   793   497   560   813   802   886   722  1249  1255  1128
TB1944B 2000  1744  1634  1430  1503   908  1521  1351  1632  1490  1686
TB1944B 2010  2614  2721  3230  2594  3260  3253  2726 -9999
TB1944A 1959    86
TB1944A 1960   976   749   978  1347  1053  1660  1189  1892  1031   486
TB1944A 1970   401   278   208   186    72    94   104   269   674   761
TB1944A 1980   858   837  1125  1264   994  1027   836   688   635   951
TB1944A 1990   875   581   708   738   993  1004   995  1709  2085  1740
TB1944A 2000  2393  1545  2151  2084  1080  1453  1395  1492  1509  1541
TB1944A 2010  2085  1608  1869  1891  2310  2828  2060 -9999
