TA1906A 1950  2060  3844  3412  3231  3509  3250  2518  3717  2715  4228
TA1906A 1960  4572  4548  4591  5166  5249  5491  5272  4545  4727  3037
TA1906A 1970  4318  4889  4233  4924  5220  5022  3652  3885  2980  1543
TA1906A 1980  1459  1713  1607  1861  1946  2009  1523  2557  2720  2761
TA1906A 1990  1686  1476  1499  2156  2403  3100  3126  2752  1206  2392
TA1906A 2000  2667  2603  3128  3509  1555  3152  2249  1913   694   630
TA1906A 2010   231   399   903   662   410   243   121 -9999
TA1906B 1948   794  3066
TA1906B 1950  2755  2949  2941  2953  3012  3220  2836  2972  3165  3089
TA1906B 1960  3408  2942  3798  4447  3735  3802  3403  4439  3874  2829
TA1906B 1970  3880  4236  3849  3106  3863  3142  3259  3087  2940  1899
TA1906B 1980  1812  2006  2196  2154  2620  2367  1395  2837  2028  2392
TA1906B 1990  1675  2428  2185  2272  2913  3366  2343  2600  1198  2583
TA1906B 2000  1851  1568  2098  2118   775  1886  1235  1464   461   341
TA1906B 2010   189   243   608   336   316   365    65 -9999
