TB1910B 1951  2507  1979  2075  1960  1713  2219  2022  2240  3277
TB1910B 1960  3986  3595  3826  3056  3011  2686  2648  2514  1648  2291
TB1910B 1970  3186  2846  1590  2349  2898  2488  2740  2582  2063  2422
TB1910B 1980  2591  1947  2805  1713  2643  1809  2240  2427  2853  1845
TB1910B 1990  1445  1496  1803  1551  2057  1435  1613  1690  2360  1439
TB1910B 2000  1619  2222  2672  1202  1487  1329   823   772   688   529
TB1910B 2010   519   519   370   349   151   242   186 -9999
TB1910A 1959  2544
TB1910A 1960  3306  4003  2767  2742  3378  3180  3872  3419  4230  4125
TB1910A 1970  3364  2116  3583  4272  3611  3310  3188  2774  2920  3014
TB1910A 1980  2690  3303  3369  3716  2752  3400  2396  2745  1796  1445
TB1910A 1990  1290  1473   982  1657  1163  1557  1727  1703   844  1048
TB1910A 2000  2265  2370   846  1364  1036   624   667   593   455   404
TB1910A 2010   368   434   360   286   212   263   267 -9999
